0MI0600137 0 1 0 0
61839 0 0 0 0
61958 0 0 0 0
61968 0 0 0 0
62011 0 0 0 0
62028 0 0 0 0
62090 0 0 0 0
62129 1 1 0 0
62141 0 0 0 0
62142 0 0 0 0
62160 0 0 0 0
62178 0 0 0 0
62179 0 0 0 0
62188 0 0 0 0
62190 0 0 0 0
62195 0 0 0 0
62199 0 0 0 0
62223 0 0 0 0
62225 0 0 0 0
62226 0 0 0 0
62228 0 0 0 0
62233 0 0 0 0
62235 0 0 0 0
62239 0 1 0 0
62246 0 0 1 1
62264 0 1 0 0
62267 0 0 0 0
62284 0 0 0 0
62287 0 0 0 0
62296 0 1 0 0
62304 0 0 0 0
62308 0 0 0 0
62316 0 0 0 0
62328 0 0 0 0
62337 0 0 0 0
62338 0 0 0 0
62342 0 0 0 0
62349 0 1 0 0
62362 0 0 0 0
62363 0 0 0 0
62364 0 0 0 0
62365 0 0 0 0
62366 0 0 0 0
62372 0 1 0 0
62373 0 0 0 0
62375 0 0 0 0
62381 0 0 0 0
62383 0 0 0 0
62384 0 0 0 0
62385 0 0 0 0
62386 0 0 0 0
62389 0 0 0 0
62395 0 1 0 0
62396 0 0 0 0
62398 0 0 0 0
62401 0 0 0 0
62408 0 0 0 0
62410 0 0 0 0
62411 0 0 0 0
62417 1 1 0 0
62422 0 1 1 1
62424 0 1 0 0
62425 0 1 0 0
62426 0 0 1 1
62427 0 0 0 0
62428 0 0 0 0
62431 0 0 0 0
62435 0 0 0 0
62436 0 1 0 0
62440 0 0 0 0
62443 0 0 0 0
62445 0 0 0 0
62446 0 0 0 0
62447 0 0 1 1
62448 0 0 0 0
62457 0 0 0 0
62462 0 0 0 0
62463 0 0 0 0
62468 0 0 0 0
62473 0 0 0 0
62479 0 0 0 0
62480 0 0 0 0
62483 0 0 0 0
62486 0 0 1 1
62487 0 0 0 0
62488 0 0 0 0
62490 0 0 1 1
62491 0 0 0 0
62497 0 1 0 0
62498 0 0 0 0
62503 0 0 0 0
62505 0 0 0 0
62506 0 0 0 0
62507 0 0 0 0
62510 0 0 0 0
62512 0 0 0 0
62513 0 0 0 0
62516 0 0 0 0
62517 0 0 0 0
62518 0 0 0 0
62519 0 0 0 0
62520 1 1 1 1
62521 0 0 0 0
62523 0 0 0 0
62524 0 0 0 0
62526 0 1 0 0
62527 0 0 0 0
62528 0 1 0 0
62529 0 0 0 0
62530 0 0 0 0
62531 0 0 0 0
62532 0 0 0 0
62533 0 1 0 0
62534 0 0 0 0
62535 0 0 0 0
62536 0 0 0 0
62537 0 0 0 0
62538 0 0 0 0
62539 0 1 0 0
62540 0 0 0 0
62541 0 0 0 0
62542 0 0 0 0
62543 0 0 0 0
62544 0 0 0 0
62546 0 0 0 0
62547 0 0 0 0
62548 0 0 0 0
62549 0 0 0 0
62550 0 0 0 0
62551 0 0 0 0
62553 0 0 0 0
62554 0 1 0 0
62555 0 0 0 0
62556 1 1 1 0
62557 0 0 0 0
62558 0 0 0 0
62559 0 0 0 0
62560 0 0 0 0
62561 0 0 0 0
62562 0 0 0 0
62564 0 0 1 1
62565 0 0 0 0
62566 0 0 0 0
62567 0 0 0 0
62568 0 0 0 0
62569 0 0 0 0
62571 0 0 0 0
62573 0 0 0 0
62576 0 0 0 0
62577 0 0 0 0
62578 0 0 0 0
62579 0 0 0 0
62580 0 0 0 0
62582 0 0 0 0
62583 0 0 0 0
62585 0 0 0 0
62586 0 0 0 0
62588 1 1 0 1
62589 0 0 0 0
62591 0 0 0 0
62593 0 0 0 0
62594 0 0 0 0
62595 0 0 0 0
62596 0 1 0 0
62597 1 0 0 1
62598 0 0 0 0
62599 0 0 0 0
62601 0 0 0 0
62602 0 1 0 0
62603 0 1 0 0
62604 0 1 0 0
62605 0 0 0 0
62606 0 1 0 0
62607 0 1 0 0
62608 0 1 0 0
62609 0 0 0 0
62611 0 0 0 0
62613 0 0 0 0
62614 0 1 0 0
62615 0 1 0 0
62616 0 0 0 0
62617 0 0 0 0
62619 0 1 0 0
62620 0 0 0 0
62621 1 0 0 0
62622 0 0 0 0
62623 0 1 0 0
62624 0 0 0 0
62625 0 0 0 0
62626 0 1 0 0
62628 0 0 1 1
62634 0 0 0 0
62637 1 1 1 1
62638 0 0 0 0
62639 0 0 0 0
62640 0 0 0 0
62642 0 0 0 0
62643 1 0 0 0
62645 0 0 0 0
71957 0 0 0 0
71975 0 0 0 0
72071 0 0 0 0
72086 0 0 0 0
72101 0 0 0 0
855264 0 0 0 0
855327 0 0 0 0
855328 0 0 0 0
855361 0 1 0 0
855362 0 0 0 0
855364 0 1 0 0
855365 0 1 0 0
855366 0 1 0 0
